Month     Sex       L            M            S            SD3neg    SD2neg    SD1neg    SD0       SD1       SD2       SD3
00        1         +0.3487      03.3464      0.14602      02.1      02.5      02.9      03.3      03.9      04.4      05.0
01        1         +0.2297      04.4709      0.13395      02.9      03.4      03.9      04.5      05.1      05.8      06.6
02        1         +0.1970      05.5675      0.12385      03.8      04.3      04.9      05.6      06.3      07.1      08.0
03        1         +0.1738      06.3762      0.11727      04.4      05.0      05.7      06.4      07.2      08.0      09.0
04        1         +0.1553      07.0023      0.11316      04.9      05.6      06.2      07.0      07.8      08.7      09.7
05        1         +0.1395      07.5105      0.11080      05.3      06.0      06.7      07.5      08.4      09.3      10.4
06        1         +0.1257      07.9340      0.10958      05.7      06.4      07.1      07.9      08.8      09.8      10.9
07        1         +0.1134      08.2970      0.10902      05.9      06.7      07.4      08.3      09.2      10.3      11.4
08        1         +0.1021      08.6151      0.10882      06.2      06.9      07.7      08.6      09.6      10.7      11.9
09        1         +0.0917      08.9014      0.10881      06.4      07.1      08.0      08.9      09.9      11.0      12.3
10        1         +0.0820      09.1649      0.10891      06.6      07.4      08.2      09.2      10.2      11.4      12.7
11        1         +0.0730      09.4122      0.10906      06.8      07.6      08.4      09.4      10.5      11.7      13.0
12        1         +0.0644      09.6479      0.10925      06.9      07.7      08.6      09.6      10.8      12.0      13.3
13        1         +0.0563      09.8749      0.10949      07.1      07.9      08.8      09.9      11.0      12.3      13.7
14        1         +0.0487      10.0953      0.10976      07.2      08.1      09.0      10.1      11.3      12.6      14.0
15        1         +0.0413      10.3108      0.11007      07.4      08.3      09.2      10.3      11.5      12.8      14.3
16        1         +0.0343      10.5228      0.11041      07.5      08.4      09.4      10.5      11.7      13.1      14.6
17        1         +0.0275      10.7319      0.11079      07.7      08.6      09.6      10.7      12.0      13.4      14.9
18        1         +0.0211      10.9385      0.11119      07.8      08.8      09.8      10.9      12.2      13.7      15.3
19        1         +0.0148      11.1430      0.11164      08.0      08.9      10.0      11.1      12.5      13.9      15.6
20        1         +0.0087      11.3462      0.11211      08.1      09.1      10.1      11.3      12.7      14.2      15.9
21        1         +0.0029      11.5486      0.11261      08.2      09.2      10.3      11.5      12.9      14.5      16.2
22        1         -0.0028      11.7504      0.11314      08.4      09.4      10.5      11.8      13.2      14.7      16.5
23        1         -0.0083      11.9514      0.11369      08.5      09.5      10.7      12.0      13.4      15.0      16.8
24        1         -0.0137      12.1515      0.11426      08.6      09.7      10.8      12.2      13.6      15.3      17.1
25        1         -0.0189      12.3502      0.11485      08.8      09.8      11.0      12.4      13.9      15.5      17.5
26        1         -0.0240      12.5466      0.11544      08.9      10.0      11.2      12.5      14.1      15.8      17.8
27        1         -0.0289      12.7401      0.11604      09.0      10.1      11.3      12.7      14.3      16.1      18.1
28        1         -0.0337      12.9303      0.11664      09.1      10.2      11.5      12.9      14.5      16.3      18.4
29        1         -0.0385      13.1169      0.11723      09.2      10.4      11.7      13.1      14.8      16.6      18.7
30        1         -0.0431      13.3000      0.11781      09.4      10.5      11.8      13.3      15.0      16.9      19.0
31        1         -0.0476      13.4798      0.11839      09.5      10.7      12.0      13.5      15.2      17.1      19.3
32        1         -0.0520      13.6567      0.11896      09.6      10.8      12.1      13.7      15.4      17.4      19.6
33        1         -0.0564      13.8309      0.11953      09.7      10.9      12.3      13.8      15.6      17.6      19.9
34        1         -0.0606      14.0031      0.12008      09.8      11.0      12.4      14.0      15.8      17.8      20.2
35        1         -0.0648      14.1736      0.12062      09.9      11.2      12.6      14.2      16.0      18.1      20.4
36        1         -0.0689      14.3429      0.12116      10.0      11.3      12.7      14.3      16.2      18.3      20.7
37        1         -0.0729      14.5113      0.12168      10.1      11.4      12.9      14.5      16.4      18.6      21.0
38        1         -0.0769      14.6791      0.12220      10.2      11.5      13.0      14.7      16.6      18.8      21.3
39        1         -0.0808      14.8466      0.12271      10.3      11.6      13.1      14.8      16.8      19.0      21.6
40        1         -0.0846      15.0140      0.12322      10.4      11.8      13.3      15.0      17.0      19.3      21.9
41        1         -0.0883      15.1813      0.12373      10.5      11.9      13.4      15.2      17.2      19.5      22.1
42        1         -0.0920      15.3486      0.12425      10.6      12.0      13.6      15.3      17.4      19.7      22.4
43        1         -0.0957      15.5158      0.12478      10.7      12.1      13.7      15.5      17.6      20.0      22.7
44        1         -0.0993      15.6828      0.12531      10.8      12.2      13.8      15.7      17.8      20.2      23.0
45        1         -0.1028      15.8497      0.12586      10.9      12.4      14.0      15.8      18.0      20.5      23.3
46        1         -0.1063      16.0163      0.12643      11.0      12.5      14.1      16.0      18.2      20.7      23.6
47        1         -0.1097      16.1827      0.12700      11.1      12.6      14.3      16.2      18.4      20.9      23.9
48        1         -0.1131      16.3489      0.12759      11.2      12.7      14.4      16.3      18.6      21.2      24.2
49        1         -0.1165      16.5150      0.12819      11.3      12.8      14.5      16.5      18.8      21.4      24.5
50        1         -0.1198      16.6811      0.12880      11.4      12.9      14.7      16.7      19.0      21.7      24.8
51        1         -0.1230      16.8471      0.12943      11.5      13.1      14.8      16.8      19.2      21.9      25.1
52        1         -0.1262      17.0132      0.13005      11.6      13.2      15.0      17.0      19.4      22.2      25.4
53        1         -0.1294      17.1792      0.13069      11.7      13.3      15.1      17.2      19.6      22.4      25.7
54        1         -0.1325      17.3452      0.13133      11.8      13.4      15.2      17.3      19.8      22.7      26.0
55        1         -0.1356      17.5111      0.13197      11.9      13.5      15.4      17.5      20.0      22.9      26.3
56        1         -0.1387      17.6768      0.13261      12.0      13.6      15.5      17.7      20.2      23.2      26.6
57        1         -0.1417      17.8422      0.13325      12.1      13.7      15.6      17.8      20.4      23.4      26.9
58        1         -0.1447      18.0073      0.13389      12.2      13.8      15.8      18.0      20.6      23.7      27.2
59        1         -0.1477      18.1722      0.13453      12.3      14.0      15.9      18.2      20.8      23.9      27.6
60        1         -0.1506      18.3366      0.13517      12.4      14.1      16.0      18.3      21.0      24.2      27.9
00        2         +0.3809      03.2322      0.14171      02.0      02.4      02.8      03.2      03.7      04.2      04.8
01        2         +0.1714      04.1873      0.13724      02.7      03.2      03.6      04.2      04.8      05.5      06.2
02        2         +0.0962      05.1282      0.13000      03.4      03.9      04.5      05.1      05.8      06.6      07.5
03        2         +0.0402      05.8458      0.12619      04.0      04.5      05.2      05.8      06.6      07.5      08.5
04        2         -0.0050      06.4237      0.12402      04.4      05.0      05.7      06.4      07.3      08.2      09.3
05        2         -0.0430      06.8985      0.12274      04.8      05.4      06.1      06.9      07.8      08.8      10.0
06        2         -0.0756      07.2970      0.12204      05.1      05.7      06.5      07.3      08.2      09.3      10.6
07        2         -0.1039      07.6422      0.12178      05.3      06.0      06.8      07.6      08.6      09.8      11.1
08        2         -0.1288      07.9487      0.12181      05.6      06.3      07.0      07.9      09.0      10.2      11.6
09        2         -0.1507      08.2254      0.12199      05.8      06.5      07.3      08.2      09.3      10.5      12.0
10        2         -0.1700      08.4800      0.12223      05.9      06.7      07.5      08.5      09.6      10.9      12.4
11        2         -0.1872      08.7192      0.12247      06.1      06.9      07.7      08.7      09.9      11.2      12.8
12        2         -0.2024      08.9481      0.12268      06.3      07.0      07.9      08.9      10.1      11.5      13.1
13        2         -0.2158      09.1699      0.12283      06.4      07.2      08.1      09.2      10.4      11.8      13.5
14        2         -0.2278      09.3870      0.12294      06.6      07.4      08.3      09.4      10.6      12.1      13.8
15        2         -0.2384      09.6008      0.12299      06.7      07.6      08.5      09.6      10.9      12.4      14.1
16        2         -0.2478      09.8124      0.12303      06.9      07.7      08.7      09.8      11.1      12.6      14.5
17        2         -0.2562      10.0226      0.12306      07.0      07.9      08.9      10.0      11.4      12.9      14.8
18        2         -0.2637      10.2315      0.12309      07.2      08.1      09.1      10.2      11.6      13.2      15.1
19        2         -0.2703      10.4393      0.12315      07.3      08.2      09.2      10.4      11.8      13.5      15.4
20        2         -0.2762      10.6464      0.12323      07.5      08.4      09.4      10.6      12.1      13.7      15.7
21        2         -0.2815      10.8534      0.12335      07.6      08.6      09.6      10.9      12.3      14.0      16.0
22        2         -0.2862      11.0608      0.12350      07.8      08.7      09.8      11.1      12.5      14.3      16.4
23        2         -0.2903      11.2688      0.12369      07.9      08.9      10.0      11.3      12.8      14.6      16.7
24        2         -0.2941      11.4775      0.12390      08.1      09.0      10.2      11.5      13.0      14.8      17.0
25        2         -0.2975      11.6864      0.12414      08.2      09.2      10.3      11.7      13.3      15.1      17.3
26        2         -0.3005      11.8947      0.12441      08.4      09.4      10.5      11.9      13.5      15.4      17.7
27        2         -0.3032      12.1015      0.12472      08.5      09.5      10.7      12.1      13.7      15.7      18.0
28        2         -0.3057      12.3059      0.12506      08.6      09.7      10.9      12.3      14.0      16.0      18.3
29        2         -0.3080      12.5073      0.12545      08.8      09.8      11.1      12.5      14.2      16.2      18.7
30        2         -0.3101      12.7055      0.12587      08.9      10.0      11.2      12.7      14.4      16.5      19.0
31        2         -0.3120      12.9006      0.12633      09.0      10.1      11.4      12.9      14.7      16.8      19.3
32        2         -0.3138      13.0930      0.12683      09.1      10.3      11.6      13.1      14.9      17.1      19.6
33        2         -0.3155      13.2837      0.12737      09.3      10.4      11.7      13.3      15.1      17.3      20.0
34        2         -0.3171      13.4731      0.12794      09.4      10.5      11.9      13.5      15.4      17.6      20.3
35        2         -0.3186      13.6618      0.12855      09.5      10.7      12.0      13.7      15.6      17.9      20.6
36        2         -0.3201      13.8503      0.12919      09.6      10.8      12.2      13.9      15.8      18.1      20.9
37        2         -0.3216      14.0385      0.12988      09.7      10.9      12.4      14.0      16.0      18.4      21.3
38        2         -0.3230      14.2265      0.13059      09.8      11.1      12.5      14.2      16.3      18.7      21.6
39        2         -0.3243      14.4140      0.13135      09.9      11.2      12.7      14.4      16.5      19.0      22.0
40        2         -0.3257      14.6010      0.13213      10.1      11.3      12.8      14.6      16.7      19.2      22.3
41        2         -0.3270      14.7873      0.13293      10.2      11.5      13.0      14.8      16.9      19.5      22.7
42        2         -0.3283      14.9727      0.13376      10.3      11.6      13.1      15.0      17.2      19.8      23.0
43        2         -0.3296      15.1573      0.13460      10.4      11.7      13.3      15.2      17.4      20.1      23.4
44        2         -0.3309      15.3410      0.13545      10.5      11.8      13.4      15.3      17.6      20.4      23.7
45        2         -0.3322      15.5240      0.13630      10.6      12.0      13.6      15.5      17.8      20.7      24.1
46        2         -0.3335      15.7064      0.13716      10.7      12.1      13.7      15.7      18.1      20.9      24.5
47        2         -0.3348      15.8882      0.13800      10.8      12.2      13.9      15.9      18.3      21.2      24.8
48        2         -0.3361      16.0697      0.13884      10.9      12.3      14.0      16.1      18.5      21.5      25.2
49        2         -0.3374      16.2511      0.13968      11.0      12.4      14.2      16.3      18.8      21.8      25.5
50        2         -0.3387      16.4322      0.14051      11.1      12.6      14.3      16.4      19.0      22.1      25.9
51        2         -0.3400      16.6133      0.14132      11.2      12.7      14.5      16.6      19.2      22.4      26.3
52        2         -0.3414      16.7942      0.14213      11.3      12.8      14.6      16.8      19.4      22.6      26.6
53        2         -0.3427      16.9748      0.14293      11.4      12.9      14.8      17.0      19.7      22.9      27.0
54        2         -0.3440      17.1551      0.14371      11.5      13.0      14.9      17.2      19.9      23.2      27.4
55        2         -0.3453      17.3347      0.14448      11.6      13.2      15.1      17.3      20.1      23.5      27.7
56        2         -0.3466      17.5136      0.14525      11.7      13.3      15.2      17.5      20.3      23.8      28.1
57        2         -0.3479      17.6916      0.14600      11.8      13.4      15.3      17.7      20.6      24.1      28.5
58        2         -0.3492      17.8686      0.14675      11.9      13.5      15.5      17.9      20.8      24.4      28.8
59        2         -0.3505      18.0445      0.14748      12.0      13.6      15.6      18.0      21.0      24.6      29.2
60        2         -0.3518      18.2193      0.14821      12.1      13.7      15.8      18.2      21.2      24.9      29.5