Month	L	M	  S             SD3neg	SD2neg	SD1neg	SD0	SD1	SD2	SD3
3	1	13.4817	  0.07475	10.7	11.6	12.5	13.5	14.5	15.6	16.7
4	1	13.8097	  0.07523	10.9	11.8	12.8	13.8	14.9	16.0	17.2
5	1	14.0585	  0.07566	11.1	12.0	13.0	14.1	15.2	16.3	17.5
6	1	14.2389	  0.07601	11.3	12.2	13.2	14.2	15.4	16.5	17.8
7	1	14.3678	  0.07629	11.4	12.3	13.3	14.4	15.5	16.7	18.0
8	1	14.4591	  0.07650	11.4	12.4	13.4	14.5	15.6	16.8	18.1
9	1	14.5245	  0.07665	11.5	12.4	13.4	14.5	15.7	16.9	18.2
10	1	14.5733	  0.07676	11.5	12.5	13.5	14.6	15.7	17.0	18.3
11	1	14.6119	  0.07683	11.6	12.5	13.5	14.6	15.8	17.0	18.3
12	1	14.6449	  0.07689	11.6	12.5	13.6	14.6	15.8	17.1	18.4
13	1	14.6758	  0.07694	11.6	12.6	13.6	14.7	15.8	17.1	18.4
14	1	14.7063	  0.07699	11.6	12.6	13.6	14.7	15.9	17.1	18.5
15	1	14.7380	  0.07703	11.7	12.6	13.6	14.7	15.9	17.2	18.5
16	1	14.7723	  0.07707	11.7	12.7	13.7	14.8	16.0	17.2	18.6
17	1	14.8095	  0.07710	11.7	12.7	13.7	14.8	16.0	17.3	18.6
18	1	14.8496	  0.07713	11.8	12.7	13.7	14.8	16.0	17.3	18.7
19	1	14.8926	  0.07717	11.8	12.8	13.8	14.9	16.1	17.4	18.8
20	1	14.9388	  0.07721	11.9	12.8	13.8	14.9	16.1	17.4	18.8
21	1	14.9883	  0.07725	11.9	12.8	13.9	15.0	16.2	17.5	18.9
22	1	15.0410	  0.07731	11.9	12.9	13.9	15.0	16.3	17.6	19.0
23	1	15.0964	  0.07738	12.0	12.9	14.0	15.1	16.3	17.6	19.1
24	1	15.1536	  0.07746	12.0	13.0	14.0	15.2	16.4	17.7	19.2
25	1	15.2115	  0.07755	12.1	13.0	14.1	15.2	16.4	17.8	19.2
26	1	15.2693	  0.07767	12.1	13.1	14.1	15.3	16.5	17.9	19.3
27	1	15.3259	  0.07780	12.2	13.1	14.2	15.3	16.6	17.9	19.4
28	1	15.3808	  0.07794	12.2	13.2	14.2	15.4	16.6	18.0	19.5
29	1	15.4336	  0.07810	12.3	13.2	14.3	15.4	16.7	18.1	19.6
30	1	15.4839	  0.07827	12.3	13.3	14.3	15.5	16.8	18.1	19.7
31	1	15.5317	  0.07846	12.3	13.3	14.4	15.5	16.8	18.2	19.7
32	1	15.5771	  0.07866	12.4	13.3	14.4	15.6	16.9	18.3	19.8
33	1	15.6201	  0.07887	12.4	13.4	14.4	15.6	16.9	18.3	19.9
34	1	15.6611	  0.07909	12.4	13.4	14.5	15.7	17.0	18.4	20.0
35	1	15.7003	  0.07933	12.4	13.4	14.5	15.7	17.0	18.4	20.0
36	1	15.7380	  0.07956	12.5	13.5	14.5	15.7	17.1	18.5	20.1
37	1	15.7745	  0.07981	12.5	13.5	14.6	15.8	17.1	18.6	20.2
38	1	15.8101	  0.08006	12.5	13.5	14.6	15.8	17.1	18.6	20.2
39	1	15.8450	  0.08032	12.5	13.5	14.6	15.8	17.2	18.7	20.3
40	1	15.8793	  0.08058	12.6	13.6	14.7	15.9	17.2	18.7	20.4
41	1	15.9132	  0.08085	12.6	13.6	14.7	15.9	17.3	18.8	20.4
42	1	15.9467	  0.08112	12.6	13.6	14.7	15.9	17.3	18.8	20.5
43	1	15.9797	  0.08139	12.6	13.6	14.7	16.0	17.4	18.9	20.6
44	1	16.0124	  0.08166	12.6	13.6	14.8	16.0	17.4	18.9	20.6
45	1	16.0447	  0.08194	12.7	13.7	14.8	16.0	17.4	19.0	20.7
46	1	16.0767	  0.08222	12.7	13.7	14.8	16.1	17.5	19.0	20.8
47	1	16.1085	  0.08250	12.7	13.7	14.8	16.1	17.5	19.1	20.8
48	1	16.1400	  0.08278	12.7	13.7	14.9	16.1	17.6	19.1	20.9
49	1	16.1714	  0.08307	12.7	13.8	14.9	16.2	17.6	19.2	21.0
50	1	16.2027	  0.08335	12.7	13.8	14.9	16.2	17.6	19.2	21.0
51	1	16.2340	  0.08364	12.8	13.8	14.9	16.2	17.7	19.3	21.1
52	1	16.2654	  0.08392	12.8	13.8	15.0	16.3	17.7	19.3	21.2
53	1	16.2968	  0.08421	12.8	13.8	15.0	16.3	17.8	19.4	21.2
54	1	16.3283	  0.08450	12.8	13.9	15.0	16.3	17.8	19.4	21.3
55	1	16.3599	  0.08479	12.8	13.9	15.0	16.4	17.8	19.5	21.4
56	1	16.3916	  0.08508	12.8	13.9	15.1	16.4	17.9	19.5	21.4
57	1	16.4233	  0.08537	12.9	13.9	15.1	16.4	17.9	19.6	21.5
58	1	16.4551	  0.08566	12.9	13.9	15.1	16.5	18.0	19.6	21.6
59	1	16.4871	  0.08595	12.9	14.0	15.2	16.5	18.0	19.7	21.6
60	1	16.5191	  0.08624	12.9	14.0	15.2	16.5	18.0	19.8	21.7
03	2	13.0284	  0.08263	10.2	11.1	12.0	13.0	14.2	15.4	16.8
04	2	13.3649	  0.08298	10.5	11.3	12.3	13.4	14.5	15.8	17.2
05	2	13.6061	  0.08325	10.7	11.5	12.5	13.6	14.8	16.1	17.6
06	2	13.7771	  0.08343	10.8	11.7	12.7	13.8	15.0	16.3	17.8
07	2	13.9018	  0.08352	10.9	11.8	12.8	13.9	15.1	16.5	18.0
08	2	13.9952	  0.08351	11.0	11.9	12.9	14.0	15.2	16.6	18.1
09	2	14.0665	  0.08342	11.0	11.9	12.9	14.1	15.3	16.7	18.2
10	2	14.1217	  0.08326	11.1	12.0	13.0	14.1	15.4	16.7	18.2
11	2	14.1667	  0.08305	11.1	12.0	13.0	14.2	15.4	16.8	18.3
12	2	14.2065	  0.08280	11.1	12.1	13.1	14.2	15.4	16.8	18.3
13	2	14.2455	  0.08254	11.2	12.1	13.1	14.2	15.5	16.8	18.3
14	2	14.2859	  0.08227	11.2	12.1	13.2	14.3	15.5	16.9	18.4
15	2	14.3289	  0.08202	11.3	12.2	13.2	14.3	15.6	16.9	18.4
16	2	14.3752	  0.08179	11.3	12.2	13.3	14.4	15.6	17.0	18.5
17	2	14.4254	  0.08160	11.4	12.3	13.3	14.4	15.7	17.0	18.5
18	2	14.4795	  0.08143	11.4	12.3	13.4	14.5	15.7	17.1	18.6
19	2	14.5372	  0.08131	11.4	12.4	13.4	14.5	15.8	17.1	18.7
20	2	14.5987	  0.08123	11.5	12.4	13.5	14.6	15.8	17.2	18.7
21	2	14.6639	  0.08118	11.6	12.5	13.5	14.7	15.9	17.3	18.8
22	2	14.7328	  0.08118	11.6	12.6	13.6	14.7	16.0	17.4	18.9
23	2	14.8049	  0.08121	11.7	12.6	13.7	14.8	16.1	17.5	19.0
24	2	14.8795	  0.08127	11.7	12.7	13.7	14.9	16.1	17.5	19.1
25	2	14.9559	  0.08136	11.8	12.7	13.8	15.0	16.2	17.6	19.2
26	2	15.0327	  0.08147	11.8	12.8	13.9	15.0	16.3	17.7	19.3
27	2	15.1085	  0.08161	11.9	12.9	13.9	15.1	16.4	17.8	19.4
28	2	15.1817	  0.08178	11.9	12.9	14.0	15.2	16.5	17.9	19.5
29	2	15.2514	  0.08196	12.0	13.0	14.1	15.3	16.6	18.0	19.6
30	2	15.3168	  0.08217	12.0	13.0	14.1	15.3	16.6	18.1	19.7
31	2	15.3779	  0.08240	12.1	13.1	14.2	15.4	16.7	18.2	19.8
32	2	15.4351	  0.08265	12.1	13.1	14.2	15.4	16.8	18.3	19.9
33	2	15.4895	  0.08292	12.1	13.2	14.3	15.5	16.8	18.3	20.0
34	2	15.5423	  0.08320	12.2	13.2	14.3	15.5	16.9	18.4	20.1
35	2	15.5941	  0.08351	12.2	13.2	14.4	15.6	17.0	18.5	20.1
36	2	15.6456	  0.08383	12.2	13.3	14.4	15.6	17.0	18.5	20.2
37	2	15.6969	  0.08416	12.3	13.3	14.4	15.7	17.1	18.6	20.3
38	2	15.7483	  0.08451	12.3	13.3	14.5	15.7	17.1	18.7	20.4
39	2	15.7997	  0.08487	12.3	13.4	14.5	15.8	17.2	18.8	20.5
40	2	15.8509	  0.08525	12.3	13.4	14.6	15.9	17.3	18.8	20.6
41	2	15.9016	  0.08563	12.4	13.4	14.6	15.9	17.3	18.9	20.7
42	2	15.9518	  0.08602	12.4	13.5	14.6	16.0	17.4	19.0	20.8
43	2	16.0016	  0.08642	12.4	13.5	14.7	16.0	17.5	19.1	20.9
44	2	16.0509	  0.08683	12.4	13.5	14.7	16.1	17.5	19.1	21.0
45	2	16.1001	  0.08723	12.5	13.6	14.8	16.1	17.6	19.2	21.0
46	2	16.1491	  0.08765	12.5	13.6	14.8	16.1	17.6	19.3	21.1
47	2	16.1983	  0.08806	12.5	13.6	14.8	16.2	17.7	19.4	21.2
48	2	16.2477	  0.08848	12.5	13.6	14.9	16.2	17.8	19.4	21.3
49	2	16.2974	  0.08890	12.6	13.7	14.9	16.3	17.8	19.5	21.4
50	2	16.3475	  0.08932	12.6	13.7	15.0	16.3	17.9	19.6	21.5
51	2	16.3981	  0.08974	12.6	13.7	15.0	16.4	18.0	19.7	21.6
52	2	16.4490	  0.09016	12.6	13.8	15.0	16.4	18.0	19.8	21.7
53	2	16.5001	  0.09057	12.7	13.8	15.1	16.5	18.1	19.8	21.8
54	2	16.5514	  0.09099	12.7	13.8	15.1	16.6	18.1	19.9	21.9
55	2	16.6026	  0.09140	12.7	13.9	15.2	16.6	18.2	20.0	22.0
56	2	16.6534	  0.09181	12.7	13.9	15.2	16.7	18.3	20.1	22.1
57	2	16.7039	  0.09221	12.7	13.9	15.2	16.7	18.3	20.1	22.2
58	2	16.7539	  0.09262	12.8	14.0	15.3	16.8	18.4	20.2	22.3
59	2	16.8034	  0.09301	12.8	14.0	15.3	16.8	18.5	20.3	22.4
60	2	16.8526	  0.09341	12.8	14.0	15.4	16.9	18.5	20.4	22.5
